5072
5065
5064
5082
5121
5101
5102
5068
5077
5032
5067
5063
5083
5084
5082
5066
5052
5131
5067
5062
5063
5032
5077
5068
5102
5082
5084
5065
5083
5085
5064
5131
5052
5066
5063
5102
5131
5066
5062
5082
5065
5064
5065
5083
5091
5131
5102
5064
5121
5101
5066
5102
5063
5084
5067
5085
5083
5064
5101
5131
5052
5066
5061
5065
5102
5082
5032
5064
5131
5101
5052
5091
5066
5063
5065
5064
5083
5102
5131
5041
5101
5091
5052
5101
5032
5067
5131
5102
5064
5101
5062
5101
5091
5082
5072
5032
5061
5071
5003
5081
5052
5102
5092
5021
5063
5064
5065
5066
5067
5068
5033
5073
5074
5075
5076
5077
5083
5084
5085
5111
5112
5121
5031
5001
5002
5011
5041
5051
5131
5132
5133
